The Start Node = 3 
Number of looping = 7 
The possible shortest total distance to visit all node is <<< 30202.82175119959 >>>
 The paht direction:
 [3, 156, 142, 118, 2, 147, 168, 155, 55, 120, 51, 201, 136, 14, 49, 159, 50, 59, 153, 121, 244, 64, 66, 61, 27, 126, 9, 167, 29, 220, 200, 44, 20, 192, 107, 80, 54, 25, 112, 222, 262, 267, 269, 237, 174, 47, 270, 235, 227, 230, 34, 170, 40, 125, 278, 219, 164, 16, 18, 132, 271, 72, 5, 81, 63, 209, 141, 263, 276, 251, 221, 238, 90, 96, 144, 182, 186, 160, 115, 146, 97, 110, 75, 65, 84, 41, 205, 240, 11, 208, 179, 30, 255, 241, 148, 162, 211, 105, 52, 43, 273, 139, 22, 89, 88, 23, 166, 32, 154, 94, 140, 254, 163, 158, 253, 21, 130, 135, 274, 248, 17, 257, 178, 10, 31, 265, 12, 232, 38, 77, 259, 106, 185, 58, 6, 73, 191, 188, 36, 171, 218, 100, 91, 190, 203, 39, 128, 133, 258, 157, 86, 277, 180, 199, 249, 280, 99, 210, 279, 19, 187, 189, 46, 177, 98, 60, 53, 247, 198, 102, 103, 92, 193, 212, 197, 70, 206, 15, 71, 161, 229, 93, 28, 172, 194, 256, 76, 95, 149, 131, 45, 83, 109, 56, 33, 272, 215, 202, 252, 108, 114, 275, 239, 236, 152, 123, 223, 101, 165, 134, 13, 8, 234, 181, 151, 1, 260, 195, 261, 214, 69, 62, 184, 104, 26, 138, 176, 183, 137, 127, 57, 143, 175, 124, 225, 207, 74, 82, 37, 245, 79, 119, 48, 233, 250, 242, 213, 68, 35, 116, 113, 264, 268, 243, 169, 85, 217, 226, 42, 122, 216, 204, 145, 266, 150, 228, 224, 246, 87, 117, 24, 4, 196, 129, 173, 231, 7, 78, 67, 111] 

The Start Node = 280 
Number of looping = 10 
The possible shortest total distance to visit all node is <<< 30874.2095003247 >>>
 The paht direction:
 [280, 194, 18, 2, 122, 265, 247, 225, 58, 85, 114, 14, 34, 9, 54, 76, 168, 214, 255, 175, 177, 146, 5, 144, 271, 130, 4, 22, 256, 201, 20, 236, 279, 135, 206, 139, 127, 272, 213, 145, 112, 100, 64, 88, 95, 178, 159, 167, 176, 258, 160, 53, 11, 99, 173, 42, 102, 91, 72, 259, 104, 268, 62, 41, 50, 49, 90, 220, 170, 161, 153, 105, 111, 180, 152, 181, 77, 124, 65, 36, 141, 120, 83, 10, 166, 169, 8, 270, 17, 110, 29, 28, 171, 174, 253, 242, 197, 32, 13, 260, 82, 229, 234, 70, 116, 149, 203, 57, 148, 140, 222, 79, 39, 209, 107, 78, 37, 23, 61, 52, 273, 261, 263, 231, 266, 59, 274, 151, 136, 228, 143, 60, 245, 1, 56, 68, 188, 238, 129, 182, 219, 187, 172, 240, 200, 97, 156, 117, 51, 96, 106, 227, 202, 198, 43, 223, 243, 87, 27, 221, 132, 35, 163, 157, 69, 125, 123, 164, 80, 191, 24, 158, 113, 185, 25, 3, 126, 67, 186, 46, 48, 73, 264, 109, 131, 12, 278, 248, 251, 133, 189, 19, 162, 121, 15, 250, 128, 71, 204, 232, 193, 138, 210, 134, 147, 16, 184, 192, 103, 118, 33, 86, 44, 63, 226, 195, 183, 75, 92, 66, 150, 165, 81, 179, 212, 108, 26, 230, 233, 199, 93, 244, 6, 205, 101, 218, 89, 47, 241, 154, 246, 216, 84, 254, 211, 276, 215, 208, 30, 74, 217, 267, 142, 237, 38, 190, 40, 269, 235, 224, 239, 45, 7, 115, 119, 207, 155, 21, 249, 94, 257, 252, 55, 262, 277, 275, 196, 137, 31, 98] 

The Start Node = 99 
Number of looping = 9 
The possible shortest total distance to visit all node is <<< 30413.437122498573 >>>
 The paht direction:
 [99, 32, 131, 249, 199, 11, 59, 94, 122, 27, 118, 75, 43, 251, 174, 267, 188, 22, 153, 205, 61, 272, 210, 146, 264, 214, 21, 165, 225, 88, 173, 221, 33, 240, 222, 253, 47, 278, 119, 111, 167, 152, 280, 162, 70, 233, 208, 231, 15, 246, 128, 169, 172, 140, 51, 115, 144, 182, 37, 90, 156, 150, 218, 155, 245, 143, 259, 191, 147, 175, 183, 237, 261, 89, 177, 184, 136, 121, 270, 24, 148, 279, 229, 234, 243, 124, 185, 170, 34, 14, 137, 161, 72, 68, 238, 198, 166, 52, 36, 116, 192, 12, 263, 35, 216, 273, 226, 120, 193, 109, 107, 26, 204, 176, 95, 44, 265, 5, 277, 197, 106, 84, 82, 56, 10, 211, 230, 195, 64, 157, 160, 149, 126, 54, 49, 8, 276, 9, 13, 163, 132, 97, 139, 92, 93, 103, 179, 262, 206, 266, 271, 96, 100, 60, 45, 79, 19, 244, 250, 209, 41, 130, 203, 275, 247, 224, 48, 117, 242, 254, 50, 105, 39, 158, 168, 104, 83, 217, 91, 3, 4, 201, 78, 133, 81, 239, 112, 186, 87, 190, 207, 258, 187, 235, 260, 227, 268, 257, 202, 241, 18, 30, 42, 23, 274, 142, 164, 181, 101, 85, 151, 220, 215, 62, 252, 38, 55, 65, 63, 228, 189, 171, 40, 76, 1, 16, 29, 17, 6, 200, 108, 110, 113, 248, 127, 98, 57, 232, 28, 219, 25, 71, 77, 58, 7, 196, 178, 134, 269, 145, 141, 212, 20, 236, 102, 123, 154, 223, 73, 135, 67, 125, 31, 66, 53, 86, 114, 74, 80, 159, 2, 138, 46, 194, 69, 255, 129, 256, 180, 213] 

The Start Node = 1 
Number of looping = 20 
The possible shortest total distance to visit all node is <<< 29896.19692229442 >>>
 The paht direction:
 [1, 7, 236, 154, 215, 6, 198, 95, 175, 269, 158, 187, 223, 196, 230, 232, 63, 68, 169, 143, 279, 42, 35, 264, 278, 233, 51, 185, 221, 141, 151, 265, 124, 280, 13, 107, 277, 208, 41, 111, 61, 36, 252, 21, 65, 81, 45, 121, 266, 212, 276, 24, 191, 188, 274, 227, 199, 261, 249, 27, 258, 127, 225, 213, 193, 48, 243, 23, 172, 87, 113, 190, 235, 148, 25, 275, 228, 70, 39, 104, 80, 129, 19, 183, 88, 82, 52, 273, 238, 267, 30, 164, 99, 181, 268, 255, 157, 46, 130, 110, 119, 117, 74, 171, 128, 262, 270, 67, 160, 14, 38, 55, 131, 257, 11, 234, 211, 240, 5, 17, 237, 178, 218, 272, 189, 271, 10, 134, 40, 140, 28, 251, 125, 72, 153, 139, 29, 60, 144, 71, 114, 239, 224, 115, 210, 16, 133, 15, 254, 62, 98, 186, 152, 200, 256, 146, 259, 201, 56, 66, 179, 170, 163, 138, 53, 76, 195, 108, 165, 166, 102, 246, 33, 118, 263, 32, 57, 31, 37, 22, 90, 69, 137, 136, 132, 100, 75, 85, 250, 184, 204, 86, 43, 84, 109, 120, 77, 59, 248, 226, 12, 8, 214, 91, 209, 103, 202, 219, 180, 247, 206, 78, 83, 253, 242, 93, 101, 173, 44, 260, 245, 126, 192, 176, 142, 167, 229, 149, 116, 96, 49, 244, 123, 3, 205, 2, 217, 150, 147, 64, 122, 168, 197, 94, 203, 26, 47, 161, 89, 220, 231, 9, 174, 222, 216, 194, 79, 54, 135, 50, 241, 58, 182, 18, 156, 155, 105, 20, 162, 112, 92, 177, 207, 4, 145, 159, 73, 106, 34, 97] 

The Start Node = 280 
Number of looping = 25 
The possible shortest total distance to visit all node is <<< 30792.538483303582 >>>
 The paht direction:
 [280, 86, 169, 232, 258, 136, 3, 276, 72, 2, 17, 67, 249, 186, 98, 243, 49, 114, 37, 253, 195, 174, 46, 257, 201, 154, 214, 233, 119, 20, 273, 125, 279, 156, 25, 159, 65, 32, 167, 112, 277, 203, 42, 97, 263, 96, 19, 78, 117, 61, 171, 207, 262, 190, 209, 210, 157, 88, 30, 123, 102, 182, 53, 52, 270, 266, 13, 137, 211, 127, 16, 196, 185, 217, 228, 18, 153, 105, 126, 130, 161, 44, 138, 148, 229, 221, 246, 59, 106, 140, 180, 109, 178, 6, 145, 197, 172, 256, 40, 55, 135, 111, 218, 27, 271, 87, 208, 7, 54, 166, 1, 230, 84, 110, 193, 225, 141, 268, 202, 250, 242, 189, 264, 43, 261, 71, 194, 239, 29, 124, 77, 68, 200, 26, 251, 223, 238, 177, 272, 36, 108, 81, 104, 175, 57, 187, 85, 115, 236, 23, 80, 90, 33, 133, 254, 204, 62, 99, 173, 51, 245, 120, 45, 74, 92, 91, 265, 260, 213, 132, 12, 165, 121, 128, 144, 103, 152, 60, 47, 176, 139, 184, 11, 58, 82, 240, 122, 101, 69, 70, 76, 198, 216, 73, 48, 93, 21, 146, 226, 4, 212, 164, 188, 39, 134, 95, 241, 220, 219, 247, 274, 131, 181, 162, 151, 191, 116, 83, 94, 155, 259, 206, 22, 158, 248, 215, 244, 129, 147, 118, 235, 10, 24, 183, 163, 107, 79, 89, 31, 142, 113, 224, 192, 41, 66, 205, 234, 143, 252, 179, 170, 231, 237, 227, 34, 269, 267, 150, 275, 9, 5, 8, 56, 64, 278, 100, 35, 50, 255, 63, 222, 75, 168, 15, 149, 199, 28, 38, 14, 160] 

The Start Node = 199 
Number of looping = 19 
The possible shortest total distance to visit all node is <<< 30246.871408622625 >>>
 The paht direction:
 [199, 268, 77, 235, 231, 7, 228, 23, 234, 187, 124, 208, 274, 248, 276, 96, 104, 160, 47, 101, 244, 150, 193, 161, 175, 269, 203, 183, 149, 180, 134, 34, 12, 115, 26, 254, 157, 278, 277, 100, 21, 255, 121, 259, 135, 78, 112, 174, 192, 247, 224, 27, 63, 87, 116, 266, 84, 98, 198, 265, 275, 222, 69, 67, 74, 11, 17, 262, 177, 122, 110, 58, 2, 202, 65, 205, 182, 260, 164, 62, 83, 188, 48, 218, 163, 179, 91, 184, 137, 144, 38, 45, 5, 165, 29, 155, 123, 132, 267, 270, 186, 55, 223, 138, 8, 251, 210, 146, 68, 279, 201, 190, 195, 173, 71, 42, 53, 127, 31, 147, 261, 16, 243, 15, 213, 280, 236, 114, 50, 22, 143, 95, 73, 3, 169, 189, 168, 217, 246, 253, 166, 51, 61, 24, 176, 239, 97, 111, 171, 167, 225, 249, 233, 41, 105, 130, 36, 35, 86, 215, 216, 178, 56, 241, 226, 4, 256, 119, 1, 196, 141, 99, 126, 60, 252, 54, 120, 272, 271, 237, 109, 200, 76, 81, 49, 52, 107, 159, 80, 191, 32, 14, 37, 93, 139, 28, 181, 72, 20, 85, 230, 245, 214, 57, 212, 170, 113, 229, 13, 94, 103, 66, 220, 156, 238, 145, 19, 148, 152, 75, 88, 125, 250, 92, 258, 206, 242, 194, 39, 185, 154, 142, 118, 33, 136, 211, 227, 232, 131, 257, 90, 263, 209, 240, 10, 151, 25, 129, 221, 9, 264, 117, 44, 59, 64, 153, 140, 172, 89, 108, 158, 133, 204, 46, 273, 197, 18, 40, 82, 70, 102, 79, 162, 43, 30, 207, 6, 128, 106, 219] 

The Start Node = 18 
Number of looping = 18 
The possible shortest total distance to visit all node is <<< 30377.99240720346 >>>
 The paht direction:
 [18, 40, 65, 83, 124, 170, 256, 160, 23, 133, 275, 179, 231, 74, 47, 117, 44, 184, 232, 81, 86, 89, 95, 143, 101, 214, 229, 182, 220, 239, 149, 276, 228, 62, 66, 104, 90, 60, 234, 206, 253, 260, 190, 138, 262, 267, 80, 225, 127, 265, 196, 79, 94, 268, 17, 165, 108, 204, 233, 212, 2, 235, 240, 84, 200, 164, 113, 166, 76, 43, 67, 103, 45, 154, 195, 215, 121, 29, 49, 106, 122, 41, 46, 203, 223, 198, 38, 132, 130, 30, 144, 54, 63, 55, 254, 125, 99, 222, 163, 216, 175, 96, 207, 209, 8, 141, 14, 259, 16, 42, 174, 9, 3, 237, 167, 241, 58, 187, 226, 82, 193, 27, 64, 156, 153, 131, 151, 126, 48, 69, 271, 199, 157, 158, 52, 118, 39, 194, 159, 109, 168, 11, 19, 61, 50, 148, 142, 173, 110, 72, 146, 274, 162, 137, 134, 77, 242, 177, 264, 208, 6, 107, 251, 201, 180, 230, 136, 261, 273, 280, 120, 115, 112, 161, 205, 123, 10, 188, 26, 22, 192, 227, 78, 213, 169, 24, 53, 270, 31, 36, 202, 88, 211, 4, 221, 34, 33, 172, 247, 56, 57, 116, 236, 279, 255, 150, 171, 218, 248, 114, 189, 210, 263, 7, 278, 269, 246, 35, 5, 245, 71, 244, 59, 102, 93, 100, 243, 152, 186, 51, 128, 145, 183, 197, 140, 37, 219, 224, 1, 238, 252, 135, 181, 191, 92, 185, 155, 258, 176, 25, 266, 119, 249, 13, 105, 272, 12, 85, 98, 129, 28, 70, 73, 32, 75, 217, 139, 147, 15, 178, 250, 111, 21, 257, 20, 68, 277, 87, 91, 97] 

The Start Node = 55 
Number of looping = 55 
The possible shortest total distance to visit all node is <<< 29928.75117750383 >>>
 The paht direction:
 [55, 60, 61, 131, 99, 242, 278, 196, 221, 231, 148, 219, 75, 59, 69, 82, 72, 93, 170, 193, 32, 280, 238, 185, 92, 83, 105, 143, 41, 116, 96, 68, 40, 158, 264, 86, 142, 64, 212, 140, 7, 237, 271, 276, 272, 274, 195, 250, 252, 114, 138, 235, 202, 164, 94, 1, 4, 100, 266, 171, 58, 117, 151, 177, 12, 205, 130, 204, 52, 49, 62, 180, 115, 127, 178, 230, 203, 95, 262, 168, 39, 80, 192, 255, 210, 73, 108, 125, 279, 224, 246, 236, 258, 241, 207, 129, 45, 249, 9, 103, 173, 270, 259, 29, 19, 11, 189, 14, 166, 57, 197, 273, 122, 119, 27, 245, 106, 191, 15, 90, 123, 233, 104, 144, 101, 214, 220, 67, 10, 165, 239, 47, 46, 70, 187, 109, 229, 257, 24, 6, 21, 50, 77, 277, 113, 211, 215, 65, 149, 154, 183, 34, 176, 128, 79, 188, 44, 38, 33, 78, 179, 153, 37, 124, 227, 135, 222, 218, 186, 198, 18, 31, 152, 26, 145, 147, 199, 160, 17, 181, 8, 111, 36, 63, 76, 139, 243, 146, 206, 256, 228, 110, 107, 85, 91, 162, 234, 267, 3, 28, 20, 102, 260, 48, 84, 209, 25, 22, 232, 216, 184, 121, 132, 5, 53, 74, 182, 175, 30, 225, 213, 248, 208, 112, 200, 71, 159, 43, 141, 126, 23, 244, 275, 253, 163, 134, 268, 35, 66, 157, 247, 174, 201, 217, 265, 88, 161, 226, 51, 118, 13, 16, 251, 120, 240, 223, 150, 167, 155, 172, 190, 269, 81, 137, 56, 2, 263, 254, 133, 42, 156, 194, 169, 54, 89, 87, 97, 98, 261, 136] 

The Start Node = 179 
Number of looping = 35 
The possible shortest total distance to visit all node is <<< 30341.253465343678 >>>
 The paht direction:
 [179, 219, 206, 22, 58, 279, 208, 173, 112, 201, 16, 42, 102, 43, 38, 247, 233, 232, 234, 251, 192, 11, 183, 89, 248, 257, 271, 13, 68, 49, 269, 110, 202, 172, 171, 4, 75, 73, 39, 69, 63, 221, 163, 126, 132, 15, 127, 250, 140, 228, 124, 52, 29, 130, 88, 56, 61, 261, 104, 245, 209, 200, 193, 28, 129, 177, 51, 70, 94, 244, 156, 121, 119, 153, 32, 105, 215, 98, 103, 167, 79, 189, 178, 168, 223, 149, 169, 46, 36, 67, 114, 33, 161, 242, 9, 1, 143, 31, 246, 139, 72, 160, 152, 243, 35, 2, 180, 99, 134, 81, 101, 54, 90, 66, 263, 275, 260, 8, 147, 21, 37, 76, 276, 19, 241, 274, 55, 142, 62, 186, 3, 48, 188, 84, 45, 259, 137, 113, 96, 30, 71, 123, 26, 6, 166, 226, 237, 254, 252, 255, 115, 133, 65, 7, 47, 74, 195, 235, 78, 230, 273, 224, 148, 44, 41, 196, 268, 128, 158, 277, 231, 85, 106, 10, 145, 93, 95, 135, 155, 211, 264, 77, 214, 262, 199, 108, 217, 60, 14, 203, 146, 91, 162, 239, 111, 97, 182, 205, 141, 220, 154, 5, 249, 270, 157, 57, 53, 25, 100, 20, 266, 23, 82, 118, 191, 109, 83, 198, 175, 216, 159, 187, 165, 117, 258, 17, 40, 27, 125, 80, 64, 225, 131, 24, 150, 185, 222, 92, 122, 164, 280, 190, 197, 18, 194, 170, 50, 107, 184, 278, 238, 236, 267, 272, 229, 174, 87, 116, 136, 207, 212, 34, 120, 86, 256, 218, 181, 213, 210, 176, 253, 151, 59, 240, 144, 138, 204, 12, 265, 227] 

The Start Node = 280 
Number of looping = 10 
The possible shortest total distance to visit all node is <<< 30949.65773235271 >>>
 The paht direction:
 [280, 253, 219, 60, 38, 75, 39, 238, 240, 189, 12, 261, 66, 108, 74, 31, 190, 152, 249, 141, 22, 25, 160, 27, 132, 56, 157, 115, 193, 73, 231, 30, 191, 176, 173, 134, 14, 88, 161, 153, 279, 213, 96, 97, 170, 156, 212, 150, 180, 181, 167, 159, 59, 64, 164, 28, 227, 13, 216, 169, 113, 106, 55, 184, 226, 4, 67, 257, 187, 26, 171, 122, 36, 185, 24, 230, 217, 237, 251, 232, 94, 35, 109, 273, 270, 196, 178, 201, 102, 229, 207, 121, 128, 20, 220, 243, 233, 246, 50, 51, 40, 174, 148, 234, 86, 241, 175, 9, 267, 195, 223, 211, 46, 202, 52, 151, 215, 244, 221, 269, 21, 154, 92, 118, 95, 62, 182, 275, 224, 131, 262, 81, 110, 168, 65, 126, 77, 76, 203, 7, 256, 214, 71, 90, 93, 260, 258, 140, 144, 247, 125, 42, 83, 11, 177, 15, 1, 104, 23, 135, 245, 120, 87, 208, 200, 146, 57, 16, 101, 58, 124, 255, 266, 37, 34, 139, 116, 272, 143, 252, 70, 268, 48, 3, 137, 19, 130, 129, 276, 2, 18, 114, 61, 99, 100, 162, 265, 192, 263, 228, 142, 149, 158, 197, 72, 204, 89, 172, 236, 209, 239, 112, 194, 277, 242, 250, 17, 147, 133, 210, 29, 103, 254, 47, 138, 54, 235, 163, 80, 82, 127, 98, 206, 145, 155, 165, 117, 44, 123, 78, 166, 259, 5, 105, 179, 198, 33, 45, 278, 41, 69, 32, 8, 49, 274, 218, 107, 136, 248, 63, 222, 205, 10, 43, 225, 6, 85, 264, 188, 183, 91, 119, 84, 79, 186, 53, 199, 68, 111, 271] 

The Start Node = 280 
Number of looping = 10 
The possible shortest total distance to visit all node is <<< 30356.207452433795 >>>
 The paht direction:
 [280, 33, 233, 132, 137, 87, 147, 104, 29, 237, 232, 114, 184, 182, 59, 264, 145, 176, 143, 110, 256, 230, 111, 9, 120, 60, 38, 24, 5, 81, 21, 130, 251, 88, 260, 198, 200, 239, 257, 105, 89, 227, 246, 208, 135, 77, 267, 108, 133, 231, 152, 15, 151, 76, 71, 22, 241, 245, 53, 37, 19, 67, 275, 168, 90, 86, 268, 23, 98, 84, 204, 58, 6, 211, 249, 196, 229, 20, 144, 94, 68, 97, 62, 181, 150, 102, 250, 205, 218, 189, 14, 235, 202, 131, 39, 17, 73, 236, 139, 149, 75, 186, 277, 180, 8, 222, 270, 263, 161, 72, 197, 140, 142, 248, 126, 27, 35, 115, 4, 278, 155, 34, 173, 215, 271, 13, 240, 52, 66, 127, 243, 244, 1, 169, 95, 79, 64, 157, 153, 56, 258, 207, 165, 217, 129, 164, 276, 177, 171, 188, 261, 220, 57, 100, 93, 226, 259, 44, 99, 112, 28, 273, 103, 43, 175, 162, 55, 82, 2, 92, 48, 109, 80, 30, 116, 118, 54, 36, 138, 212, 194, 42, 134, 41, 46, 25, 158, 128, 242, 45, 18, 125, 124, 107, 174, 11, 83, 51, 187, 238, 193, 192, 12, 74, 170, 146, 221, 163, 262, 269, 26, 3, 225, 199, 159, 40, 123, 172, 179, 96, 10, 154, 190, 61, 234, 254, 7, 279, 214, 117, 106, 265, 203, 16, 206, 63, 166, 113, 85, 70, 69, 121, 119, 183, 228, 252, 213, 247, 32, 253, 223, 219, 210, 122, 224, 209, 160, 191, 255, 31, 91, 136, 156, 201, 185, 216, 195, 167, 272, 141, 274, 101, 78, 49, 148, 266, 50, 47, 65, 178] 

The Start Node = 277 
Number of looping = 20 
The possible shortest total distance to visit all node is <<< 30880.23424115922 >>>
 The paht direction:
 [277, 160, 113, 216, 102, 269, 64, 167, 171, 130, 251, 265, 158, 126, 75, 7, 259, 120, 37, 139, 242, 276, 95, 48, 215, 128, 138, 198, 206, 169, 185, 220, 51, 141, 204, 99, 238, 211, 225, 136, 207, 25, 32, 145, 84, 27, 181, 155, 164, 233, 166, 261, 57, 262, 4, 13, 159, 190, 189, 274, 214, 226, 246, 39, 140, 134, 236, 83, 117, 144, 88, 8, 252, 11, 10, 92, 180, 19, 90, 97, 173, 62, 87, 267, 56, 52, 101, 153, 147, 76, 121, 98, 55, 205, 79, 110, 34, 210, 105, 36, 209, 85, 201, 279, 248, 21, 156, 161, 263, 254, 221, 163, 157, 30, 43, 172, 49, 33, 68, 123, 234, 237, 239, 9, 240, 127, 151, 170, 247, 235, 200, 178, 119, 154, 94, 217, 54, 182, 243, 5, 115, 223, 6, 38, 183, 264, 268, 3, 22, 61, 137, 71, 203, 142, 168, 2, 41, 46, 227, 17, 111, 107, 133, 187, 132, 69, 12, 26, 250, 40, 81, 146, 50, 73, 271, 24, 42, 272, 59, 44, 106, 23, 15, 18, 192, 193, 143, 249, 218, 20, 109, 114, 175, 78, 188, 194, 93, 108, 66, 186, 273, 45, 165, 162, 197, 14, 232, 174, 77, 131, 149, 231, 184, 65, 31, 256, 258, 275, 278, 280, 229, 244, 100, 47, 125, 135, 199, 255, 116, 150, 16, 195, 122, 212, 118, 112, 124, 74, 208, 103, 245, 219, 228, 179, 148, 196, 177, 202, 241, 266, 213, 82, 86, 72, 67, 70, 191, 96, 104, 222, 176, 270, 1, 230, 253, 28, 91, 58, 35, 129, 60, 53, 80, 260, 224, 152, 89, 257, 29, 63] 

The Start Node = 99 
Number of looping = 30 
The possible shortest total distance to visit all node is <<< 29905.55801384818 >>>
 The paht direction:
 [99, 103, 80, 202, 108, 279, 259, 173, 106, 107, 87, 30, 271, 4, 5, 266, 184, 16, 115, 262, 198, 254, 230, 208, 227, 10, 200, 101, 46, 148, 118, 45, 29, 94, 197, 149, 162, 145, 233, 248, 62, 154, 37, 39, 171, 155, 135, 9, 89, 150, 273, 267, 21, 176, 270, 223, 132, 216, 2, 251, 104, 183, 100, 105, 156, 207, 23, 47, 35, 59, 19, 272, 226, 236, 8, 77, 72, 117, 147, 69, 169, 239, 76, 240, 265, 31, 33, 276, 263, 261, 51, 75, 38, 133, 211, 56, 182, 63, 189, 215, 219, 3, 70, 36, 61, 246, 188, 12, 17, 7, 113, 205, 264, 82, 58, 123, 178, 160, 152, 68, 185, 121, 18, 180, 1, 190, 136, 209, 158, 110, 128, 214, 81, 40, 161, 91, 222, 177, 213, 172, 242, 241, 122, 79, 88, 255, 124, 112, 199, 277, 66, 114, 206, 256, 249, 139, 22, 95, 243, 52, 41, 48, 25, 274, 97, 85, 187, 275, 193, 13, 109, 32, 20, 130, 204, 196, 86, 96, 67, 53, 90, 134, 252, 71, 111, 192, 194, 164, 166, 280, 138, 217, 221, 175, 225, 11, 57, 168, 60, 55, 174, 129, 102, 179, 165, 203, 153, 120, 43, 44, 159, 220, 34, 244, 24, 27, 260, 74, 78, 163, 64, 170, 83, 229, 42, 268, 125, 245, 234, 201, 93, 157, 151, 210, 50, 84, 232, 238, 127, 73, 131, 269, 26, 218, 224, 237, 126, 231, 116, 195, 235, 228, 98, 54, 119, 212, 144, 257, 15, 143, 278, 6, 14, 141, 137, 28, 191, 186, 49, 65, 181, 250, 167, 146, 253, 258, 140, 142, 247, 92] 

The Start Node = 22 
Number of looping = 10 
The possible shortest total distance to visit all node is <<< 31348.35714574341 >>>
 The paht direction:
 [22, 150, 174, 251, 102, 103, 181, 229, 212, 144, 234, 131, 260, 266, 67, 48, 85, 5, 196, 244, 262, 264, 176, 160, 34, 30, 225, 228, 191, 211, 270, 219, 276, 275, 130, 91, 233, 170, 101, 209, 134, 25, 10, 50, 197, 36, 65, 274, 172, 247, 31, 157, 215, 177, 18, 66, 11, 24, 213, 218, 206, 94, 45, 2, 265, 232, 110, 143, 278, 269, 268, 52, 119, 57, 136, 142, 4, 246, 114, 98, 223, 108, 168, 19, 1, 109, 186, 180, 56, 178, 214, 40, 169, 192, 237, 43, 106, 8, 159, 20, 139, 208, 15, 241, 257, 198, 249, 230, 236, 226, 84, 156, 184, 255, 201, 97, 127, 280, 105, 69, 175, 194, 63, 73, 83, 75, 117, 68, 267, 7, 256, 80, 16, 189, 173, 210, 23, 17, 239, 163, 89, 46, 171, 76, 81, 3, 37, 35, 44, 193, 277, 99, 78, 242, 155, 151, 123, 187, 122, 167, 118, 112, 185, 9, 154, 42, 104, 152, 12, 245, 240, 227, 26, 273, 141, 96, 250, 222, 27, 32, 235, 162, 124, 82, 195, 253, 70, 39, 88, 243, 93, 133, 92, 146, 166, 183, 111, 53, 33, 271, 64, 120, 188, 140, 51, 6, 231, 165, 128, 21, 199, 54, 59, 47, 49, 126, 203, 202, 87, 90, 148, 164, 55, 121, 238, 137, 74, 61, 14, 248, 129, 135, 125, 224, 259, 95, 279, 72, 116, 207, 161, 62, 29, 272, 60, 204, 200, 13, 28, 107, 38, 220, 113, 71, 41, 77, 254, 138, 252, 205, 263, 132, 216, 190, 86, 79, 153, 145, 258, 182, 158, 147, 179, 149, 115, 217, 261, 221, 100, 58] 

The Start Node = 280 
Number of looping = 15 
The possible shortest total distance to visit all node is <<< 29909.10202286866 >>>
 The paht direction:
 [280, 228, 28, 154, 278, 128, 175, 241, 9, 107, 185, 112, 180, 42, 61, 211, 205, 276, 249, 169, 215, 220, 216, 235, 258, 14, 212, 144, 247, 242, 152, 67, 213, 147, 268, 248, 137, 19, 187, 196, 82, 94, 89, 115, 163, 267, 25, 23, 139, 264, 145, 149, 184, 172, 101, 100, 164, 183, 124, 93, 27, 12, 256, 88, 77, 3, 29, 252, 66, 138, 257, 150, 158, 232, 218, 109, 121, 245, 274, 192, 132, 65, 83, 102, 78, 85, 243, 10, 54, 246, 33, 214, 270, 259, 234, 148, 110, 210, 171, 59, 173, 143, 49, 141, 165, 166, 167, 120, 155, 176, 86, 126, 22, 273, 127, 271, 80, 260, 265, 157, 87, 118, 221, 261, 68, 181, 142, 239, 156, 8, 262, 130, 223, 161, 38, 48, 35, 51, 34, 159, 190, 208, 117, 272, 125, 123, 204, 131, 140, 11, 254, 201, 64, 104, 203, 26, 269, 277, 119, 30, 97, 195, 99, 227, 74, 174, 18, 266, 52, 16, 160, 168, 95, 146, 136, 50, 15, 58, 4, 209, 229, 53, 253, 244, 219, 7, 24, 43, 111, 17, 47, 122, 197, 202, 37, 91, 44, 222, 20, 217, 114, 153, 135, 207, 230, 71, 81, 182, 151, 178, 13, 69, 233, 39, 116, 108, 41, 231, 21, 96, 5, 225, 206, 6, 1, 224, 75, 55, 194, 263, 186, 200, 31, 98, 188, 170, 255, 92, 76, 134, 133, 63, 32, 162, 199, 251, 2, 70, 72, 73, 62, 177, 189, 198, 275, 236, 237, 129, 226, 105, 106, 113, 238, 191, 40, 57, 279, 193, 36, 56, 179, 250, 45, 84, 60, 79, 103, 90, 240, 46] 

The Start Node = 180 
Number of looping = 100 
The possible shortest total distance to visit all node is <<< 29622.548049875528 >>>
 The paht direction:
 [180, 174, 187, 204, 35, 191, 73, 108, 67, 192, 34, 95, 96, 101, 36, 97, 2, 122, 241, 14, 30, 13, 234, 228, 218, 239, 61, 202, 159, 134, 222, 123, 18, 66, 102, 276, 98, 100, 72, 94, 103, 226, 141, 150, 242, 221, 137, 23, 80, 65, 111, 88, 213, 7, 190, 186, 104, 70, 265, 275, 48, 148, 58, 227, 260, 225, 182, 208, 154, 50, 181, 245, 83, 112, 273, 262, 270, 206, 60, 115, 110, 145, 71, 259, 277, 135, 224, 140, 238, 279, 16, 251, 274, 105, 215, 203, 40, 114, 158, 75, 194, 256, 184, 163, 31, 42, 10, 64, 161, 120, 179, 33, 240, 232, 230, 188, 250, 124, 261, 91, 63, 49, 20, 77, 172, 76, 53, 164, 68, 143, 85, 223, 167, 246, 195, 109, 183, 233, 248, 138, 198, 209, 237, 8, 39, 236, 79, 113, 165, 89, 84, 59, 127, 21, 235, 12, 151, 24, 3, 41, 11, 17, 156, 32, 196, 200, 229, 199, 175, 272, 86, 155, 130, 193, 185, 176, 45, 38, 6, 210, 128, 173, 92, 178, 266, 146, 212, 252, 249, 253, 147, 25, 57, 117, 44, 78, 177, 9, 4, 214, 19, 22, 160, 62, 1, 26, 152, 280, 51, 142, 205, 220, 244, 211, 278, 5, 29, 69, 269, 231, 107, 47, 207, 133, 153, 126, 168, 162, 81, 37, 82, 201, 144, 121, 15, 243, 255, 139, 46, 116, 157, 258, 87, 43, 119, 271, 55, 171, 268, 28, 170, 90, 106, 189, 125, 257, 136, 56, 129, 219, 132, 52, 263, 166, 99, 74, 149, 169, 216, 217, 131, 247, 197, 54, 118, 93, 27, 267, 264, 254] 

The Start Node = 100 
Number of looping = 10 
The possible shortest total distance to visit all node is <<< 30931.34700720364 >>>
 The paht direction:
 [100, 52, 90, 166, 202, 258, 45, 116, 143, 227, 220, 113, 118, 29, 224, 115, 249, 238, 168, 263, 192, 235, 39, 62, 195, 221, 3, 181, 151, 272, 51, 207, 138, 264, 160, 253, 161, 170, 32, 67, 182, 66, 4, 10, 210, 63, 190, 256, 18, 279, 105, 98, 187, 146, 75, 21, 106, 149, 71, 107, 93, 169, 208, 198, 22, 58, 69, 91, 158, 157, 17, 27, 112, 99, 126, 125, 57, 186, 201, 211, 229, 59, 46, 277, 70, 104, 114, 132, 154, 20, 260, 44, 248, 223, 225, 180, 259, 55, 123, 9, 72, 175, 65, 43, 103, 38, 252, 134, 111, 68, 214, 60, 15, 233, 26, 84, 35, 130, 8, 135, 16, 13, 88, 162, 108, 236, 30, 193, 267, 96, 133, 204, 12, 265, 269, 140, 274, 95, 1, 268, 81, 117, 83, 79, 226, 127, 23, 245, 188, 163, 219, 40, 24, 215, 257, 36, 85, 136, 150, 41, 129, 147, 155, 165, 254, 144, 5, 271, 137, 37, 232, 222, 47, 176, 197, 266, 230, 48, 145, 141, 194, 101, 82, 64, 94, 240, 156, 31, 128, 28, 56, 212, 139, 42, 89, 164, 167, 241, 131, 50, 251, 189, 209, 34, 191, 239, 152, 179, 280, 213, 121, 262, 148, 124, 172, 49, 270, 276, 74, 86, 120, 228, 11, 255, 54, 53, 77, 102, 177, 119, 92, 173, 171, 153, 237, 247, 242, 159, 87, 185, 183, 217, 205, 196, 278, 142, 109, 273, 231, 184, 19, 73, 25, 97, 2, 275, 178, 110, 61, 174, 250, 234, 244, 200, 216, 6, 206, 218, 243, 246, 261, 76, 78, 14, 203, 80, 122, 33, 7, 199] 

The Start Node = 100 
Number of looping = 40 
The possible shortest total distance to visit all node is <<< 30569.608504064166 >>>
 The paht direction:
 [100, 193, 213, 277, 215, 96, 156, 77, 12, 134, 4, 197, 34, 87, 53, 31, 231, 201, 260, 272, 158, 102, 207, 178, 68, 55, 198, 159, 123, 91, 209, 258, 241, 280, 23, 250, 9, 225, 33, 118, 57, 94, 52, 161, 210, 26, 264, 115, 61, 19, 278, 66, 84, 73, 175, 155, 255, 154, 223, 216, 143, 171, 50, 212, 217, 269, 206, 232, 35, 62, 177, 103, 139, 218, 238, 36, 169, 89, 263, 67, 262, 203, 114, 39, 29, 151, 105, 164, 235, 6, 222, 126, 17, 74, 221, 279, 259, 200, 226, 183, 10, 191, 21, 86, 230, 43, 28, 59, 165, 78, 101, 110, 174, 8, 257, 202, 38, 168, 109, 76, 145, 72, 251, 190, 228, 137, 120, 22, 130, 111, 266, 242, 138, 3, 276, 27, 261, 122, 124, 268, 194, 173, 149, 41, 37, 243, 147, 95, 211, 150, 275, 249, 80, 274, 252, 144, 11, 133, 132, 63, 42, 247, 44, 81, 113, 54, 170, 265, 32, 195, 60, 104, 127, 85, 69, 14, 136, 75, 224, 172, 214, 176, 244, 79, 88, 140, 93, 256, 237, 248, 186, 5, 92, 20, 131, 199, 184, 271, 125, 48, 51, 40, 153, 180, 49, 121, 148, 18, 64, 90, 70, 128, 163, 196, 141, 189, 106, 1, 2, 112, 47, 246, 16, 253, 219, 245, 227, 13, 208, 25, 179, 82, 65, 7, 233, 187, 117, 58, 234, 119, 98, 99, 181, 254, 270, 162, 83, 166, 239, 135, 107, 142, 229, 240, 236, 188, 157, 146, 205, 15, 185, 152, 24, 116, 182, 97, 160, 71, 56, 30, 45, 46, 220, 167, 273, 267, 204, 129, 108, 192] 

The Start Node = 100 
Number of looping = 50 
The possible shortest total distance to visit all node is <<< 30009.88926513057 >>>
 The paht direction:
 [100, 13, 121, 263, 134, 22, 224, 232, 149, 248, 54, 231, 92, 59, 182, 163, 139, 110, 204, 144, 123, 102, 235, 257, 1, 278, 87, 9, 170, 57, 194, 37, 23, 216, 130, 142, 112, 107, 81, 212, 67, 73, 155, 35, 158, 79, 128, 19, 236, 133, 89, 277, 246, 198, 161, 186, 230, 98, 253, 12, 205, 269, 26, 156, 3, 17, 275, 122, 115, 84, 174, 279, 218, 220, 219, 165, 119, 185, 68, 118, 94, 105, 27, 199, 48, 38, 169, 141, 60, 2, 265, 45, 36, 266, 91, 166, 108, 63, 66, 132, 241, 256, 175, 41, 95, 172, 196, 101, 106, 44, 15, 258, 162, 62, 191, 213, 207, 103, 143, 262, 176, 226, 243, 202, 97, 164, 93, 120, 125, 145, 237, 244, 215, 233, 147, 214, 273, 189, 177, 49, 77, 192, 251, 210, 146, 167, 31, 72, 14, 10, 160, 217, 140, 252, 268, 40, 29, 242, 24, 124, 116, 240, 47, 137, 203, 234, 270, 55, 42, 61, 75, 152, 6, 96, 188, 238, 255, 34, 86, 50, 193, 71, 76, 153, 229, 250, 206, 21, 135, 247, 225, 184, 190, 53, 222, 209, 4, 104, 80, 129, 136, 260, 39, 150, 239, 113, 195, 159, 52, 117, 127, 74, 138, 7, 78, 56, 228, 272, 245, 183, 200, 276, 131, 173, 178, 168, 111, 157, 32, 109, 90, 82, 70, 88, 187, 208, 223, 211, 280, 18, 43, 58, 221, 16, 181, 274, 261, 197, 249, 201, 69, 151, 99, 46, 179, 51, 83, 8, 271, 11, 148, 180, 5, 28, 64, 33, 267, 85, 114, 264, 154, 171, 126, 227, 25, 259, 254, 20, 30, 65] 

The Start Node = 100 
Number of looping = 100 
The possible shortest total distance to visit all node is <<< 29719.62729589662 >>>
 The paht direction:
 [100, 94, 5, 242, 219, 181, 122, 261, 61, 59, 36, 168, 115, 22, 83, 13, 142, 167, 159, 186, 205, 259, 58, 203, 229, 38, 137, 144, 140, 67, 120, 239, 124, 32, 192, 253, 49, 34, 245, 51, 216, 237, 213, 179, 20, 1, 250, 6, 11, 16, 148, 157, 150, 4, 44, 121, 183, 114, 52, 40, 3, 223, 128, 135, 56, 262, 76, 27, 268, 270, 87, 172, 105, 278, 31, 53, 86, 57, 173, 43, 143, 8, 7, 54, 69, 189, 77, 176, 265, 212, 214, 240, 225, 18, 130, 272, 201, 227, 232, 136, 271, 19, 169, 280, 251, 195, 177, 24, 226, 184, 147, 125, 106, 221, 12, 17, 129, 21, 248, 133, 134, 236, 99, 70, 206, 191, 154, 199, 252, 98, 198, 117, 25, 188, 156, 10, 279, 247, 82, 116, 153, 255, 96, 64, 244, 277, 209, 235, 194, 72, 175, 95, 42, 127, 276, 238, 217, 196, 65, 84, 66, 45, 139, 220, 110, 163, 30, 39, 257, 264, 190, 193, 26, 123, 218, 74, 166, 55, 267, 138, 81, 75, 68, 73, 246, 104, 15, 241, 204, 103, 162, 41, 23, 97, 149, 80, 108, 101, 215, 164, 78, 60, 165, 33, 263, 109, 275, 126, 71, 50, 266, 273, 9, 2, 88, 151, 231, 200, 152, 256, 197, 178, 249, 258, 224, 185, 158, 243, 182, 230, 132, 37, 28, 211, 260, 155, 141, 119, 62, 92, 112, 161, 170, 91, 234, 254, 47, 174, 111, 48, 89, 14, 160, 222, 131, 145, 35, 171, 118, 79, 29, 202, 233, 269, 146, 207, 187, 228, 208, 274, 46, 90, 113, 107, 180, 85, 63, 102, 210, 93] 

The Start Node = 1 
Number of looping = 200 
The possible shortest total distance to visit all node is <<< 29938.85312180965 >>>
 The paht direction:
 [1, 203, 244, 191, 52, 252, 103, 43, 175, 210, 274, 105, 212, 223, 130, 36, 106, 114, 51, 61, 3, 149, 211, 11, 229, 95, 110, 168, 78, 24, 271, 207, 206, 122, 228, 23, 62, 269, 186, 192, 249, 245, 39, 135, 152, 121, 222, 59, 42, 218, 131, 246, 279, 217, 276, 254, 243, 137, 157, 188, 195, 156, 233, 270, 89, 113, 47, 84, 112, 111, 94, 177, 197, 75, 93, 181, 147, 163, 242, 261, 259, 79, 101, 138, 231, 104, 182, 268, 253, 8, 209, 143, 46, 30, 241, 56, 255, 67, 69, 14, 155, 97, 71, 33, 76, 5, 100, 28, 213, 265, 179, 184, 204, 136, 64, 57, 66, 41, 44, 198, 183, 150, 116, 53, 178, 37, 124, 225, 167, 77, 145, 12, 102, 107, 108, 221, 172, 224, 151, 74, 60, 120, 35, 54, 237, 174, 272, 98, 140, 81, 15, 128, 50, 82, 171, 73, 202, 96, 250, 10, 27, 70, 92, 31, 68, 20, 200, 267, 162, 9, 2, 260, 18, 148, 173, 85, 26, 216, 215, 226, 230, 4, 234, 238, 144, 86, 146, 185, 99, 139, 277, 169, 153, 256, 22, 87, 164, 119, 40, 117, 80, 132, 189, 72, 38, 263, 109, 83, 170, 160, 161, 88, 194, 16, 141, 159, 49, 125, 17, 280, 266, 142, 127, 91, 32, 273, 13, 180, 34, 133, 165, 190, 262, 240, 19, 258, 232, 236, 166, 55, 201, 193, 219, 227, 65, 7, 278, 214, 29, 58, 123, 158, 118, 264, 115, 248, 176, 199, 126, 63, 90, 154, 48, 251, 220, 134, 25, 208, 205, 187, 45, 239, 21, 257, 129, 196, 275, 235, 247, 6] 

The Start Node = 20 
Number of looping = 5 
The possible shortest total distance to visit all node is <<< 31107.523455702925 >>>
 The paht direction:
 [20, 155, 268, 222, 205, 140, 120, 166, 128, 129, 219, 15, 96, 88, 182, 244, 103, 235, 89, 61, 239, 271, 146, 277, 141, 191, 65, 74, 275, 263, 259, 34, 25, 192, 114, 278, 9, 27, 99, 92, 274, 246, 250, 225, 227, 160, 81, 161, 171, 168, 145, 248, 255, 7, 273, 200, 245, 105, 104, 242, 138, 279, 30, 19, 179, 10, 159, 136, 193, 147, 213, 199, 183, 58, 176, 150, 16, 175, 220, 12, 78, 98, 257, 196, 101, 190, 162, 110, 207, 167, 226, 221, 14, 86, 83, 236, 70, 152, 95, 91, 163, 180, 130, 18, 228, 253, 264, 231, 280, 206, 188, 270, 43, 107, 260, 33, 251, 123, 272, 165, 266, 233, 174, 178, 158, 224, 238, 122, 185, 210, 23, 208, 46, 2, 134, 59, 119, 37, 148, 73, 90, 39, 267, 36, 211, 232, 56, 117, 197, 106, 66, 116, 71, 47, 217, 11, 252, 265, 241, 209, 202, 269, 121, 256, 24, 127, 68, 229, 170, 223, 132, 254, 115, 82, 8, 72, 49, 181, 249, 84, 108, 38, 131, 172, 22, 198, 195, 139, 237, 186, 51, 79, 124, 1, 112, 118, 93, 243, 214, 62, 45, 125, 87, 164, 111, 201, 173, 13, 234, 113, 187, 177, 50, 35, 31, 41, 154, 144, 17, 44, 26, 63, 153, 57, 52, 133, 137, 3, 29, 97, 100, 143, 262, 216, 215, 28, 169, 109, 53, 76, 189, 240, 157, 230, 42, 184, 218, 54, 102, 194, 55, 276, 142, 48, 21, 261, 64, 77, 203, 135, 32, 40, 69, 80, 4, 5, 126, 85, 204, 151, 149, 247, 212, 6, 67, 75, 94, 156, 258, 60] 

The Start Node = 5 
Number of looping = 5 
The possible shortest total distance to visit all node is <<< 30847.0857426655 >>>
 The paht direction:
 [5, 151, 64, 116, 61, 13, 145, 199, 171, 202, 237, 72, 93, 260, 278, 154, 111, 69, 259, 219, 203, 132, 179, 47, 197, 46, 124, 33, 204, 236, 253, 205, 201, 152, 209, 186, 25, 12, 187, 235, 162, 26, 36, 250, 51, 49, 249, 252, 192, 251, 74, 174, 184, 24, 272, 104, 68, 140, 206, 32, 67, 149, 218, 2, 9, 20, 189, 75, 82, 87, 103, 267, 244, 85, 155, 156, 118, 238, 15, 243, 230, 196, 22, 168, 166, 176, 160, 113, 37, 70, 62, 1, 277, 266, 133, 63, 177, 120, 217, 98, 96, 180, 143, 233, 77, 131, 89, 208, 128, 228, 231, 138, 220, 92, 150, 242, 216, 80, 90, 271, 137, 39, 105, 144, 265, 100, 169, 65, 275, 19, 188, 123, 101, 60, 173, 38, 165, 45, 54, 27, 30, 257, 112, 241, 239, 167, 4, 221, 211, 142, 240, 214, 31, 52, 110, 200, 79, 232, 148, 121, 40, 23, 147, 91, 256, 34, 88, 134, 245, 141, 276, 181, 185, 109, 215, 255, 6, 21, 35, 139, 57, 18, 212, 119, 210, 73, 107, 129, 76, 226, 71, 225, 248, 182, 175, 227, 11, 213, 223, 29, 273, 178, 270, 207, 280, 122, 263, 135, 83, 115, 117, 126, 261, 172, 41, 247, 157, 158, 66, 10, 106, 161, 229, 269, 44, 127, 78, 86, 55, 16, 279, 97, 56, 43, 50, 222, 8, 193, 94, 125, 136, 7, 183, 81, 170, 195, 163, 42, 130, 153, 254, 28, 53, 58, 84, 114, 95, 48, 102, 262, 258, 108, 14, 3, 194, 59, 190, 274, 164, 99, 191, 198, 264, 224, 234, 246, 268, 159, 17, 146] 
The Start Node = 4 
Number of looping = 8 
The possible shortest total distance to visit all node is <<< 31325.00914403028 >>>
 The paht direction:
 [4, 237, 183, 79, 238, 177, 179, 261, 246, 224, 100, 146, 209, 18, 212, 132, 68, 242, 229, 122, 38, 258, 37, 120, 46, 28, 226, 165, 194, 182, 128, 170, 269, 268, 215, 188, 65, 271, 200, 173, 104, 235, 80, 223, 129, 102, 239, 152, 140, 195, 147, 174, 62, 230, 6, 95, 166, 85, 82, 192, 74, 73, 117, 276, 222, 151, 90, 106, 236, 241, 181, 54, 111, 245, 118, 31, 20, 253, 259, 56, 139, 27, 59, 227, 115, 127, 160, 156, 208, 176, 252, 145, 24, 93, 187, 32, 58, 67, 214, 124, 159, 113, 171, 263, 11, 84, 161, 55, 150, 136, 207, 71, 211, 275, 114, 77, 44, 257, 228, 167, 244, 13, 8, 108, 154, 272, 225, 213, 232, 233, 205, 231, 76, 92, 81, 193, 216, 69, 180, 266, 265, 153, 190, 137, 143, 158, 15, 197, 204, 260, 267, 255, 35, 131, 172, 19, 101, 36, 189, 248, 50, 130, 256, 186, 138, 47, 33, 109, 249, 41, 89, 70, 116, 149, 264, 7, 16, 53, 51, 22, 270, 91, 123, 99, 105, 10, 262, 60, 1, 26, 52, 201, 199, 175, 219, 96, 250, 273, 168, 98, 251, 135, 39, 34, 280, 133, 83, 87, 48, 29, 30, 40, 72, 97, 78, 274, 134, 9, 240, 23, 61, 17, 142, 63, 198, 155, 217, 202, 243, 203, 75, 66, 94, 148, 220, 277, 247, 144, 5, 141, 191, 49, 162, 234, 218, 14, 125, 21, 121, 279, 119, 42, 64, 254, 178, 169, 210, 25, 126, 43, 45, 12, 185, 2, 278, 221, 112, 164, 57, 103, 110, 206, 107, 3, 196, 184, 163, 88, 86, 157] 

The Start Node = 34 
Number of looping = 21 
The possible shortest total distance to visit all node is <<< 30781.36559000651 >>>
 The paht direction:
 [34, 105, 134, 20, 36, 152, 19, 76, 214, 175, 71, 58, 80, 108, 235, 17, 173, 232, 278, 84, 268, 37, 51, 119, 215, 85, 189, 195, 47, 160, 107, 185, 66, 182, 255, 124, 227, 241, 222, 131, 29, 274, 63, 145, 42, 48, 65, 45, 38, 60, 21, 28, 117, 273, 142, 128, 69, 26, 25, 23, 93, 168, 244, 112, 221, 162, 197, 233, 83, 49, 209, 62, 115, 27, 40, 157, 118, 280, 57, 61, 192, 190, 43, 226, 251, 206, 133, 89, 229, 234, 1, 177, 136, 86, 277, 212, 186, 216, 239, 144, 127, 78, 33, 13, 24, 39, 203, 96, 220, 79, 183, 92, 159, 231, 205, 64, 67, 109, 121, 54, 208, 146, 242, 211, 204, 265, 264, 165, 188, 135, 132, 123, 114, 122, 191, 276, 247, 219, 179, 100, 59, 2, 194, 279, 31, 207, 171, 184, 218, 5, 116, 225, 266, 15, 18, 138, 163, 55, 166, 95, 147, 193, 210, 256, 269, 8, 248, 271, 253, 12, 228, 230, 150, 120, 72, 199, 164, 104, 44, 267, 3, 11, 16, 217, 77, 137, 178, 7, 154, 10, 236, 9, 149, 156, 103, 254, 143, 81, 249, 32, 187, 82, 30, 151, 158, 200, 174, 170, 275, 176, 50, 169, 46, 263, 252, 238, 246, 223, 201, 196, 180, 243, 97, 41, 129, 88, 99, 130, 125, 35, 202, 213, 153, 14, 91, 87, 70, 172, 141, 75, 68, 53, 111, 4, 240, 90, 126, 270, 272, 139, 258, 94, 74, 261, 167, 259, 52, 110, 98, 181, 257, 73, 148, 22, 198, 155, 260, 113, 140, 106, 262, 101, 161, 56, 237, 250, 6, 224, 245, 102] 

The Start Node = 34 
Number of looping = 21 
The possible shortest total distance to visit all node is <<< 29557.534116801293 >>>
 The paht direction:
 [34, 115, 174, 236, 134, 211, 255, 227, 153, 167, 31, 13, 216, 266, 42, 147, 208, 222, 72, 151, 55, 7, 188, 162, 57, 156, 183, 165, 267, 180, 203, 263, 184, 271, 251, 40, 119, 171, 166, 233, 258, 160, 117, 177, 141, 144, 234, 217, 59, 175, 80, 37, 261, 92, 242, 230, 219, 138, 223, 107, 129, 186, 39, 6, 196, 277, 29, 38, 159, 30, 176, 190, 90, 157, 201, 189, 150, 152, 140, 185, 220, 41, 124, 93, 128, 106, 20, 253, 12, 73, 274, 86, 24, 120, 158, 154, 238, 229, 45, 62, 49, 63, 121, 68, 168, 163, 214, 245, 200, 202, 127, 126, 179, 10, 137, 146, 275, 18, 85, 84, 182, 243, 237, 231, 205, 113, 135, 181, 32, 105, 75, 21, 79, 71, 191, 35, 77, 102, 67, 28, 89, 194, 56, 252, 260, 280, 248, 8, 250, 235, 173, 206, 54, 33, 36, 46, 64, 5, 225, 224, 110, 17, 161, 187, 213, 164, 82, 98, 215, 60, 50, 239, 95, 43, 97, 61, 268, 9, 195, 74, 114, 226, 241, 23, 276, 132, 96, 197, 193, 199, 14, 4, 99, 133, 269, 145, 109, 139, 142, 198, 256, 123, 122, 172, 65, 100, 76, 47, 44, 249, 278, 204, 78, 3, 51, 111, 104, 131, 118, 83, 212, 27, 169, 264, 262, 19, 81, 210, 273, 254, 207, 148, 22, 69, 240, 26, 16, 218, 116, 170, 270, 247, 246, 244, 257, 58, 88, 112, 15, 125, 108, 103, 101, 94, 149, 155, 136, 91, 52, 70, 48, 265, 272, 25, 53, 192, 259, 178, 87, 209, 130, 11, 228, 2, 279, 66, 232, 143, 221, 1] 

The Start Node = 1 
Number of looping = 100 
The possible shortest total distance to visit all node is <<< 29942.648632137385 >>>
 The paht direction:
 [1, 12, 95, 112, 42, 243, 184, 260, 206, 253, 199, 102, 110, 71, 85, 271, 236, 215, 2, 246, 219, 238, 193, 195, 201, 189, 226, 200, 263, 90, 280, 5, 250, 154, 229, 274, 242, 44, 121, 240, 4, 279, 111, 167, 139, 188, 128, 254, 218, 109, 149, 88, 168, 8, 212, 151, 3, 203, 23, 194, 216, 245, 171, 270, 69, 67, 98, 265, 252, 207, 145, 89, 94, 221, 91, 100, 136, 266, 178, 173, 143, 208, 186, 40, 29, 142, 63, 54, 114, 251, 127, 11, 10, 255, 276, 148, 141, 108, 239, 17, 185, 81, 39, 179, 131, 273, 155, 162, 256, 176, 74, 106, 152, 196, 232, 31, 113, 230, 137, 135, 14, 73, 166, 25, 107, 57, 130, 228, 144, 129, 269, 262, 24, 86, 205, 227, 210, 9, 275, 198, 150, 156, 60, 241, 163, 75, 59, 68, 70, 180, 181, 105, 118, 125, 22, 132, 120, 153, 224, 277, 248, 202, 34, 235, 53, 19, 190, 204, 225, 214, 223, 267, 65, 197, 158, 83, 79, 126, 247, 187, 33, 165, 104, 122, 50, 124, 26, 259, 211, 41, 84, 213, 244, 92, 231, 20, 77, 174, 164, 134, 172, 133, 101, 234, 78, 233, 28, 272, 56, 170, 160, 222, 82, 258, 43, 62, 80, 183, 36, 123, 45, 15, 220, 192, 64, 48, 87, 21, 13, 52, 51, 76, 93, 257, 249, 261, 157, 278, 97, 182, 55, 177, 159, 140, 47, 38, 117, 32, 66, 147, 119, 96, 16, 209, 58, 169, 138, 103, 61, 237, 191, 30, 35, 27, 7, 99, 46, 49, 72, 115, 175, 6, 146, 268, 18, 37, 217, 161, 116, 264] 

The Start Node = 33 
Number of looping = 10 
The possible shortest total distance to visit all node is <<< 30226.16617645235 >>>
 The paht direction:
 [33, 246, 203, 173, 2, 217, 121, 177, 82, 34, 71, 31, 270, 125, 79, 130, 135, 106, 170, 231, 278, 85, 46, 141, 269, 51, 205, 202, 109, 195, 219, 17, 128, 9, 56, 88, 174, 97, 138, 142, 178, 53, 158, 116, 41, 146, 214, 242, 224, 133, 187, 238, 81, 280, 61, 239, 256, 68, 144, 5, 274, 200, 194, 222, 223, 229, 140, 149, 236, 167, 25, 37, 66, 234, 198, 77, 90, 253, 78, 199, 145, 263, 63, 45, 126, 120, 189, 105, 267, 24, 127, 115, 89, 94, 161, 201, 168, 166, 250, 18, 188, 249, 251, 196, 218, 272, 276, 220, 264, 211, 268, 183, 212, 216, 240, 143, 96, 95, 165, 58, 111, 93, 164, 12, 27, 50, 185, 6, 21, 43, 57, 184, 233, 86, 117, 255, 26, 277, 87, 30, 102, 152, 154, 153, 73, 190, 235, 62, 232, 206, 16, 107, 113, 150, 36, 221, 80, 209, 259, 265, 186, 32, 157, 230, 104, 139, 10, 3, 180, 273, 92, 14, 64, 271, 131, 147, 258, 245, 15, 160, 248, 172, 22, 11, 162, 129, 75, 192, 163, 72, 55, 28, 83, 244, 266, 23, 155, 204, 52, 261, 123, 47, 35, 44, 275, 228, 156, 69, 67, 176, 8, 13, 7, 181, 112, 76, 42, 59, 182, 91, 254, 241, 48, 100, 108, 169, 118, 262, 136, 226, 225, 243, 103, 197, 207, 247, 1, 132, 19, 159, 134, 98, 175, 49, 70, 137, 193, 208, 237, 215, 119, 39, 20, 110, 171, 257, 179, 29, 99, 114, 227, 260, 74, 101, 213, 252, 279, 210, 60, 54, 65, 40, 148, 122, 124, 4, 84, 151, 191, 38] 

The Start Node = 22 
Number of looping = 22 
The possible shortest total distance to visit all node is <<< 30637.361297722997 >>>
 The paht direction:
 [22, 66, 34, 125, 69, 72, 255, 280, 279, 146, 4, 19, 103, 90, 264, 113, 26, 249, 7, 203, 166, 194, 96, 43, 76, 220, 35, 129, 181, 138, 240, 172, 128, 191, 124, 207, 53, 112, 122, 173, 84, 192, 75, 63, 275, 241, 160, 195, 45, 25, 213, 209, 243, 236, 239, 179, 246, 245, 216, 99, 197, 231, 116, 21, 9, 80, 52, 79, 86, 89, 254, 17, 215, 27, 235, 70, 273, 177, 261, 274, 230, 140, 115, 204, 259, 59, 29, 210, 271, 44, 57, 83, 15, 277, 149, 187, 36, 251, 51, 33, 121, 54, 107, 118, 28, 205, 110, 88, 155, 78, 156, 120, 16, 68, 65, 165, 184, 58, 30, 263, 98, 171, 248, 225, 253, 2, 175, 81, 182, 14, 11, 41, 190, 141, 117, 48, 196, 227, 252, 145, 135, 174, 77, 1, 6, 219, 39, 185, 13, 148, 211, 91, 198, 105, 100, 208, 258, 278, 232, 3, 40, 164, 94, 183, 62, 47, 97, 130, 147, 163, 150, 267, 237, 144, 193, 159, 151, 168, 32, 178, 60, 20, 106, 218, 276, 202, 131, 200, 136, 247, 228, 137, 126, 233, 153, 50, 5, 142, 133, 199, 229, 189, 154, 37, 61, 42, 114, 180, 102, 123, 221, 250, 262, 95, 56, 111, 170, 162, 10, 119, 8, 186, 64, 260, 108, 134, 224, 24, 206, 212, 256, 158, 101, 226, 87, 46, 38, 270, 71, 161, 238, 157, 188, 93, 127, 244, 242, 23, 74, 167, 73, 214, 272, 222, 152, 201, 176, 139, 268, 266, 234, 82, 109, 31, 104, 67, 49, 12, 269, 132, 265, 223, 143, 169, 55, 85, 257, 217, 18, 92] 

The Start Node = 22 
Number of looping = 77 
The possible shortest total distance to visit all node is <<< 30130.78428880327 >>>
 The paht direction:
 [22, 228, 275, 160, 122, 236, 248, 18, 212, 15, 255, 213, 232, 164, 55, 198, 141, 8, 266, 199, 254, 94, 115, 90, 239, 187, 71, 210, 118, 149, 43, 268, 153, 69, 35, 14, 110, 74, 167, 165, 12, 56, 235, 216, 224, 211, 201, 85, 134, 131, 47, 111, 190, 241, 244, 206, 26, 185, 120, 64, 78, 112, 158, 218, 44, 49, 191, 80, 33, 143, 257, 279, 163, 247, 107, 109, 101, 38, 136, 65, 89, 155, 86, 272, 135, 19, 25, 261, 273, 39, 189, 260, 3, 269, 41, 180, 53, 50, 188, 121, 103, 61, 179, 183, 151, 59, 97, 77, 31, 200, 152, 159, 62, 29, 83, 72, 67, 220, 52, 70, 48, 219, 184, 32, 231, 209, 215, 37, 240, 139, 181, 233, 221, 204, 222, 88, 203, 251, 253, 51, 30, 79, 91, 82, 129, 7, 250, 256, 147, 246, 280, 124, 6, 264, 156, 148, 68, 42, 277, 106, 176, 81, 108, 157, 270, 166, 123, 119, 73, 207, 66, 84, 87, 145, 24, 133, 146, 234, 262, 63, 161, 208, 57, 162, 16, 214, 249, 265, 223, 140, 98, 192, 172, 170, 242, 230, 197, 2, 128, 168, 194, 274, 45, 92, 4, 125, 150, 9, 13, 99, 229, 263, 127, 114, 217, 195, 193, 178, 126, 96, 36, 252, 17, 186, 174, 154, 169, 93, 276, 171, 54, 60, 20, 144, 34, 102, 202, 116, 245, 27, 117, 196, 227, 142, 105, 76, 46, 11, 138, 113, 175, 226, 75, 21, 58, 278, 205, 267, 130, 238, 237, 271, 243, 177, 225, 259, 137, 182, 28, 23, 10, 5, 1, 258, 95, 132, 100, 104, 40, 173] 

The Start Node = 33 
Number of looping = 33 
The possible shortest total distance to visit all node is <<< 30599.52195857125 >>>
 The paht direction:
 [33, 51, 207, 128, 59, 115, 57, 24, 56, 135, 275, 195, 44, 78, 58, 5, 3, 234, 247, 259, 255, 137, 245, 256, 278, 196, 224, 231, 271, 272, 21, 96, 104, 226, 133, 185, 253, 212, 219, 279, 277, 15, 91, 40, 160, 36, 112, 146, 218, 121, 87, 101, 132, 30, 107, 187, 190, 9, 157, 215, 236, 10, 11, 99, 47, 134, 257, 118, 162, 222, 7, 205, 4, 266, 273, 53, 64, 199, 43, 23, 2, 26, 38, 150, 238, 138, 206, 116, 79, 50, 13, 14, 161, 94, 127, 220, 103, 86, 105, 151, 240, 193, 8, 141, 248, 213, 61, 242, 217, 252, 235, 210, 108, 17, 28, 54, 177, 31, 152, 123, 181, 230, 60, 180, 211, 197, 63, 159, 76, 95, 173, 244, 20, 130, 113, 155, 250, 102, 120, 65, 274, 186, 145, 214, 110, 232, 251, 254, 192, 204, 164, 280, 147, 97, 122, 27, 69, 70, 191, 126, 48, 165, 34, 169, 114, 208, 46, 49, 74, 172, 25, 66, 158, 156, 166, 45, 98, 201, 84, 183, 16, 143, 106, 124, 67, 111, 269, 153, 221, 12, 270, 171, 75, 184, 194, 154, 144, 276, 6, 109, 68, 264, 223, 18, 202, 176, 55, 182, 77, 41, 170, 268, 119, 142, 140, 227, 178, 89, 136, 81, 241, 228, 198, 19, 225, 163, 32, 167, 85, 80, 262, 139, 188, 267, 92, 71, 249, 229, 117, 168, 175, 90, 52, 200, 100, 265, 179, 260, 22, 1, 73, 203, 174, 189, 243, 233, 209, 29, 37, 149, 39, 237, 83, 148, 42, 35, 88, 129, 239, 263, 261, 93, 82, 246, 258, 72, 62, 131, 125, 216] 

The Start Node = 4 
Number of looping = 15 
The possible shortest total distance to visit all node is <<< 30658.770665496177 >>>
 The paht direction:
 [4, 253, 277, 67, 28, 55, 245, 261, 171, 40, 41, 75, 142, 191, 189, 195, 78, 252, 258, 275, 123, 159, 206, 209, 27, 74, 155, 278, 225, 22, 14, 39, 25, 173, 13, 64, 250, 202, 99, 60, 35, 71, 256, 273, 128, 270, 175, 115, 147, 46, 164, 166, 151, 224, 137, 274, 249, 6, 263, 141, 152, 79, 113, 95, 247, 237, 73, 45, 214, 179, 229, 125, 136, 194, 3, 230, 92, 103, 120, 185, 162, 42, 264, 269, 130, 70, 48, 97, 193, 160, 178, 236, 93, 223, 114, 8, 182, 227, 76, 85, 57, 108, 62, 11, 33, 106, 268, 257, 150, 18, 217, 161, 279, 201, 262, 102, 183, 248, 138, 21, 88, 77, 198, 157, 240, 135, 216, 121, 84, 215, 197, 154, 133, 260, 134, 52, 187, 112, 37, 174, 199, 61, 163, 81, 219, 91, 34, 222, 265, 213, 220, 212, 186, 244, 116, 101, 111, 19, 140, 207, 53, 241, 271, 196, 259, 181, 1, 145, 211, 200, 205, 59, 68, 43, 30, 180, 94, 218, 10, 143, 203, 146, 226, 267, 255, 12, 238, 66, 87, 124, 144, 98, 149, 32, 5, 131, 129, 23, 9, 47, 58, 239, 233, 2, 204, 65, 132, 177, 96, 80, 190, 86, 172, 50, 7, 242, 176, 156, 192, 119, 254, 276, 139, 15, 153, 56, 16, 72, 82, 105, 24, 251, 235, 26, 38, 127, 90, 100, 109, 36, 170, 168, 148, 158, 243, 169, 107, 20, 29, 272, 231, 110, 83, 122, 49, 117, 54, 126, 234, 184, 266, 208, 165, 210, 280, 69, 232, 89, 104, 221, 167, 44, 246, 228, 17, 118, 63, 188, 51, 31] 

